Solutions: 
1 2 4 9 5 7 6 3 8  
3 6 9 1 2 8 4 5 7  
5 7 8 3 4 6 1 9 2  
2 1 7 5 6 3 8 4 9  
4 5 3 2 8 9 7 6 1  
8 9 6 7 1 4 3 2 5  
6 3 1 8 9 2 5 7 4  
7 8 2 4 3 5 9 1 6  
9 4 5 6 7 1 2 8 3  
Solutions: 
1 2 4 9 5 7 6 3 8  
3 6 9 1 2 8 4 5 7  
5 7 8 3 4 6 1 9 2  
2 1 7 5 6 3 8 4 9  
4 5 3 2 8 9 7 6 1  
8 9 6 7 1 4 3 2 5  
6 3 1 8 9 2 5 7 4  
7 8 2 4 3 5 9 1 6  
9 4 5 6 7 1 2 8 3  
Solutions: 
1 2 4 9 5 7 6 3 8  
3 6 9 1 2 8 4 5 7  
5 7 8 3 4 6 1 9 2  
2 1 7 5 6 3 8 4 9  
4 5 3 2 8 9 7 6 1  
8 9 6 7 1 4 3 2 5  
6 3 1 8 9 2 5 7 4  
7 8 2 4 3 5 9 1 6  
9 4 5 6 7 1 2 8 3  
Solutions: 
1 2 4 9 5 7 6 3 8  
3 6 9 1 2 8 4 5 7  
5 7 8 3 4 6 1 9 2  
2 1 7 5 6 3 8 4 9  
4 5 3 2 8 9 7 6 1  
8 9 6 7 1 4 3 2 5  
6 3 1 8 9 2 5 7 4  
7 8 2 4 3 5 9 1 6  
9 4 5 6 7 1 2 8 3  
Solutions: 
1 2 4 9 5 7 6 3 8  
3 6 9 1 2 8 4 5 7  
5 7 8 3 4 6 1 9 2  
2 1 7 5 6 3 8 4 9  
4 5 3 2 8 9 7 6 1  
8 9 6 7 1 4 3 2 5  
6 3 1 8 9 2 5 7 4  
7 8 2 4 3 5 9 1 6  
9 4 5 6 7 1 2 8 3  
Solutions: 
1 2 4 9 5 7 6 3 8  
3 6 9 1 2 8 4 5 7  
5 7 8 3 4 6 1 9 2  
2 1 7 5 6 3 8 4 9  
4 5 3 2 8 9 7 6 1  
8 9 6 7 1 4 3 2 5  
6 3 1 8 9 2 5 7 4  
7 8 2 4 3 5 9 1 6  
9 4 5 6 7 1 2 8 3  
Solutions: 
1 2 4 9 5 7 6 3 8  
3 6 9 1 2 8 4 5 7  
5 7 8 3 4 6 1 9 2  
2 1 7 5 6 3 8 4 9  
4 5 3 2 8 9 7 6 1  
8 9 6 7 1 4 3 2 5  
6 3 1 8 9 2 5 7 4  
7 8 2 4 3 5 9 1 6  
9 4 5 6 7 1 2 8 3  
Solutions: 
1 2 4 9 5 7 6 3 8  
3 6 9 1 2 8 4 5 7  
5 7 8 3 4 6 1 9 2  
2 1 7 5 6 3 8 4 9  
4 5 3 2 8 9 7 6 1  
8 9 6 7 1 4 3 2 5  
6 3 1 8 9 2 5 7 4  
7 8 2 4 3 5 9 1 6  
9 4 5 6 7 1 2 8 3  
